24, 154, 953, 960, 977, 982,
33, 37, 40, 42, 43, 45, 46, 65, 70, 95, 102, 112, 114, 116, 118, 146, 148, 155, 933, 1012,
7, 24, 29, 43, 46, 59, 62, 65, 70, 95, 102, 118, 146, 148, 155, 953, 958, 960, 982, 1012,
7, 24, 29, 43, 46, 59, 62, 65, 70, 95, 102, 112, 118, 146, 148, 155, 953, 960, 982, 1012,
7, 24, 29, 43, 46, 59, 62, 65, 70, 95, 102, 112, 118, 146, 148, 155, 953, 960, 982, 1012,
7, 24, 29, 43, 46, 59, 62, 65, 70, 95, 102, 112, 118, 146, 148, 155, 953, 960, 982, 1012,
24, 42, 46, 58, 63, 66, 68, 77, 89, 95, 114, 116, 117, 118, 124, 141, 146, 933, 953, 971,
7, 24, 29, 43, 46, 59, 62, 65, 70, 95, 102, 118, 146, 148, 155, 953, 958, 960, 982, 1012,
7, 24, 29, 43, 46, 59, 62, 65, 70, 95, 102, 112, 118, 146, 148, 155, 953, 960, 982, 1012,
7, 24, 29, 43, 46, 59, 62, 65, 70, 95, 102, 112, 118, 146, 148, 155, 953, 960, 982, 1012,
7, 24, 29, 43, 46, 59, 62, 65, 70, 95, 118, 121, 146, 148, 155, 161, 953, 960, 982, 1012,
24, 42, 46, 58, 63, 66, 68, 77, 95, 114, 116, 118, 124, 146, 148, 155, 933, 953, 960, 971,
7, 24, 29, 43, 46, 59, 62, 65, 70, 95, 102, 118, 146, 148, 155, 953, 958, 960, 982, 1012,
7, 24, 29, 43, 46, 59, 62, 65, 70, 95, 102, 112, 118, 146, 148, 155, 953, 960, 982, 1012,
7, 24, 29, 43, 46, 59, 62, 65, 70, 95, 102, 112, 118, 146, 148, 155, 953, 960, 982, 1012,
7, 24, 29, 43, 46, 59, 62, 65, 89, 95, 117, 118, 141, 146, 148, 155, 953, 960, 982, 1012,
24, 42, 46, 58, 63, 66, 68, 77, 95, 114, 116, 118, 124, 146, 148, 155, 933, 953, 960, 971,
7, 24, 29, 43, 46, 59, 62, 65, 70, 95, 102, 118, 146, 148, 155, 953, 958, 960, 982, 1012,
7, 24, 29, 43, 46, 59, 62, 65, 70, 95, 102, 112, 118, 146, 148, 155, 953, 960, 982, 1012,
7, 24, 29, 43, 46, 59, 62, 65, 70, 95, 118, 121, 146, 148, 155, 161, 953, 960, 982, 1012,
7, 24, 29, 43, 46, 59, 62, 65, 70, 95, 102, 112, 118, 146, 148, 155, 953, 960, 982, 1012,
24, 42, 46, 58, 63, 66, 68, 77, 95, 114, 116, 118, 124, 146, 148, 155, 933, 953, 960, 971,
7, 24, 29, 43, 46, 59, 62, 65, 70, 95, 102, 118, 146, 148, 155, 953, 958, 960, 982, 1012,
7, 24, 29, 43, 46, 59, 62, 65, 70, 95, 102, 112, 118, 146, 148, 155, 953, 960, 982, 1012,
7, 24, 29, 43, 46, 59, 62, 65, 89, 95, 117, 118, 141, 146, 148, 155, 953, 960, 982, 1012,
7, 24, 29, 43, 46, 59, 62, 65, 70, 95, 102, 112, 118, 146, 148, 155, 953, 960, 982, 1012,
24, 42, 46, 58, 63, 66, 68, 77, 95, 114, 116, 118, 124, 146, 148, 155, 933, 953, 960, 971,
7, 24, 29, 43, 46, 59, 62, 65, 70, 95, 102, 118, 146, 148, 155, 953, 958, 960, 982, 1012,
7, 24, 29, 43, 46, 59, 62, 65, 70, 95, 118, 121, 146, 148, 155, 161, 953, 960, 982, 1012,
7, 24, 29, 43, 46, 59, 62, 65, 70, 95, 102, 112, 118, 146, 148, 155, 953, 960, 982, 1012,
7, 24, 29, 43, 46, 59, 62, 65, 70, 95, 102, 112, 118, 146, 148, 155, 953, 960, 982, 1012,
24, 42, 46, 58, 63, 66, 68, 77, 95, 114, 116, 118, 124, 146, 148, 155, 933, 953, 960, 971,
7, 24, 29, 43, 46, 59, 62, 65, 70, 95, 102, 118, 146, 148, 155, 953, 958, 960, 982, 1012,
7, 24, 29, 43, 46, 59, 62, 89, 95, 117, 118, 141, 146, 148, 155, 161, 953, 960, 982, 1012,
7, 24, 29, 43, 46, 59, 62, 65, 70, 95, 102, 112, 118, 146, 148, 155, 953, 960, 982, 1012,
7, 24, 29, 43, 46, 59, 62, 65, 70, 95, 102, 112, 118, 146, 148, 155, 953, 960, 982, 1012,
24, 42, 46, 58, 63, 66, 68, 77, 95, 114, 116, 118, 124, 146, 148, 155, 933, 953, 960, 971,
7, 24, 29, 43, 46, 59, 62, 65, 70, 95, 118, 121, 146, 148, 155, 953, 958, 960, 982, 1012,
7, 24, 29, 43, 46, 59, 62, 65, 89, 95, 117, 118, 146, 148, 155, 161, 953, 960, 982, 1012,
7, 24, 29, 43, 46, 59, 62, 65, 70, 95, 102, 112, 118, 146, 148, 155, 953, 960, 982, 1012,
7, 24, 29, 43, 46, 59, 62, 65, 70, 95, 102, 112, 118, 146, 148, 155, 953, 960, 982, 1012,
7, 24, 29, 43, 46, 59, 62, 65, 70, 95, 102, 112, 118, 146, 148, 155, 953, 960, 982, 1012,
7, 24, 29, 43, 46, 59, 62, 65, 70, 95, 102, 112, 118, 146, 148, 155, 953, 960, 982, 1012,
7, 24, 29, 43, 46, 59, 62, 65, 70, 95, 102, 112, 118, 146, 148, 155, 953, 960, 982, 1012,
7, 24, 29, 43, 46, 59, 62, 65, 70, 95, 102, 112, 118, 146, 148, 155, 953, 960, 982, 1012,
7, 24, 29, 43, 46, 59, 62, 65, 70, 95, 102, 112, 118, 146, 148, 155, 953, 960, 982, 1012,
7, 24, 29, 43, 46, 59, 62, 65, 70, 95, 102, 112, 118, 146, 148, 155, 953, 960, 982, 1012,
7, 24, 29, 43, 46, 59, 62, 65, 70, 95, 102, 112, 118, 146, 148, 155, 953, 960, 982, 1012,
7, 24, 29, 43, 46, 59, 62, 65, 70, 95, 102, 112, 118, 146, 148, 155, 953, 960, 982, 1012,
7, 24, 29, 43, 46, 59, 62, 65, 70, 95, 102, 112, 118, 146, 148, 155, 953, 960, 982, 1012,
7, 24, 29, 43, 46, 59, 62, 65, 70, 95, 102, 112, 118, 146, 148, 155, 953, 960, 982, 1012,
7, 24, 29, 43, 46, 59, 62, 65, 70, 95, 102, 112, 118, 146, 148, 155, 953, 960, 982, 1012,
7, 24, 29, 43, 46, 59, 62, 65, 70, 95, 102, 112, 118, 146, 148, 155, 953, 960, 982, 1012,
7, 24, 29, 43, 46, 59, 62, 65, 70, 95, 102, 112, 118, 146, 148, 155, 953, 960, 982, 1012,
7, 24, 29, 43, 46, 59, 62, 65, 70, 95, 102, 112, 118, 146, 148, 155, 953, 960, 982, 1012,
7, 24, 29, 43, 46, 59, 62, 65, 70, 95, 102, 112, 118, 146, 148, 155, 953, 960, 982, 1012,
7, 24, 29, 43, 46, 59, 62, 65, 70, 95, 102, 112, 118, 146, 148, 155, 953, 960, 982, 1012,
7, 24, 29, 43, 46, 59, 62, 65, 70, 95, 102, 112, 118, 146, 148, 155, 953, 960, 982, 1012,
7, 24, 29, 43, 46, 59, 62, 65, 70, 95, 102, 112, 118, 146, 148, 155, 953, 960, 982, 1012,
7, 24, 29, 43, 46, 59, 62, 65, 70, 95, 102, 112, 118, 146, 148, 155, 953, 960, 982, 1012,
7, 24, 29, 43, 46, 59, 62, 65, 70, 95, 102, 112, 118, 146, 148, 155, 953, 960, 982, 1012,
7, 24, 29, 43, 46, 59, 62, 65, 70, 95, 102, 112, 118, 146, 148, 155, 953, 960, 982, 1012,
7, 24, 29, 43, 46, 59, 62, 65, 70, 95, 102, 112, 118, 146, 148, 155, 953, 960, 982, 1012,
7, 24, 29, 43, 46, 59, 62, 65, 70, 95, 102, 112, 118, 146, 148, 155, 953, 960, 982, 1012,
7, 24, 29, 43, 46, 59, 62, 65, 70, 95, 102, 112, 118, 146, 148, 155, 953, 960, 982, 1012,
7, 24, 29, 43, 46, 59, 62, 65, 70, 95, 102, 112, 118, 146, 148, 155, 953, 960, 982, 1012,
7, 24, 29, 43, 46, 59, 62, 65, 70, 95, 102, 112, 118, 146, 148, 155, 953, 960, 982, 1012,
7, 24, 29, 43, 46, 59, 62, 65, 70, 95, 102, 112, 118, 146, 148, 155, 953, 960, 982, 1012,
7, 24, 29, 43, 46, 59, 62, 65, 70, 95, 102, 112, 118, 146, 148, 155, 953, 960, 982, 1012,
7, 24, 29, 43, 46, 59, 62, 65, 70, 95, 102, 112, 118, 146, 148, 155, 953, 960, 982, 1012,
7, 24, 29, 43, 46, 59, 62, 65, 70, 95, 102, 112, 118, 146, 148, 155, 953, 960, 982, 1012,
7, 24, 29, 43, 46, 59, 62, 65, 70, 95, 102, 112, 118, 146, 148, 155, 953, 960, 982, 1012,
7, 24, 29, 43, 46, 59, 62, 65, 70, 95, 102, 112, 118, 146, 148, 155, 953, 960, 982, 1012,
7, 24, 29, 43, 46, 59, 62, 65, 70, 95, 102, 112, 118, 146, 148, 155, 953, 960, 982, 1012,
7, 24, 29, 43, 46, 59, 62, 65, 70, 95, 102, 112, 118, 146, 148, 155, 953, 960, 982, 1012,
7, 24, 29, 43, 46, 59, 62, 65, 70, 95, 102, 112, 118, 146, 148, 155, 953, 960, 982, 1012,
7, 24, 29, 43, 46, 59, 62, 65, 70, 95, 102, 112, 118, 146, 148, 155, 953, 960, 982, 1012,
7, 24, 29, 43, 46, 59, 62, 65, 70, 95, 102, 112, 118, 146, 148, 155, 953, 960, 982, 1012,
7, 24, 29, 43, 46, 59, 62, 65, 70, 95, 102, 112, 118, 146, 148, 155, 953, 960, 982, 1012,
7, 24, 29, 43, 46, 59, 62, 65, 70, 95, 102, 112, 118, 146, 148, 155, 953, 960, 982, 1012,
7, 24, 29, 43, 46, 59, 62, 70, 102, 112, 114, 116, 118, 146, 148, 155, 953, 960, 982, 1012,
7, 24, 29, 43, 46, 59, 62, 70, 102, 112, 114, 116, 118, 146, 148, 155, 953, 960, 982, 1012,
7, 24, 29, 43, 46, 59, 62, 70, 102, 112, 114, 116, 118, 146, 148, 155, 953, 960, 982, 1012,
7, 24, 29, 43, 46, 59, 62, 70, 102, 112, 114, 116, 118, 146, 148, 155, 953, 960, 982, 1012,
7, 24, 29, 43, 46, 59, 62, 70, 102, 112, 114, 116, 118, 146, 148, 155, 953, 960, 982, 1012,
7, 24, 29, 43, 46, 59, 62, 70, 102, 112, 114, 116, 118, 146, 148, 155, 953, 960, 982, 1012,
7, 24, 29, 43, 46, 59, 62, 70, 102, 112, 114, 116, 118, 146, 148, 155, 953, 960, 982, 1012,
7, 24, 29, 43, 46, 59, 62, 70, 102, 112, 114, 116, 118, 146, 148, 155, 953, 960, 982, 1012,
7, 24, 29, 43, 46, 59, 62, 70, 102, 112, 114, 116, 118, 146, 148, 155, 953, 960, 982, 1012,
7, 24, 29, 43, 46, 59, 62, 70, 102, 112, 114, 116, 118, 146, 148, 155, 953, 960, 982, 1012,
7, 24, 29, 43, 46, 59, 62, 70, 102, 112, 114, 116, 118, 146, 148, 155, 953, 960, 982, 1012,
7, 24, 29, 43, 46, 59, 62, 70, 102, 112, 114, 116, 118, 146, 148, 155, 953, 960, 982, 1012,
7, 24, 29, 43, 46, 59, 62, 70, 102, 112, 114, 116, 118, 146, 148, 155, 953, 960, 982, 1012,
7, 24, 29, 43, 46, 59, 62, 70, 102, 112, 114, 116, 118, 146, 148, 155, 953, 960, 982, 1012,
7, 24, 29, 43, 46, 59, 62, 70, 102, 112, 114, 116, 118, 146, 148, 155, 953, 960, 982, 1012,
7, 24, 29, 43, 46, 59, 62, 70, 102, 112, 114, 116, 118, 146, 148, 155, 953, 960, 982, 1012,
7, 24, 29, 43, 46, 59, 62, 70, 102, 112, 114, 116, 118, 146, 148, 155, 953, 960, 982, 1012,
7, 24, 29, 43, 46, 59, 62, 70, 102, 112, 114, 116, 118, 146, 148, 155, 953, 960, 982, 1012,
7, 24, 29, 43, 46, 59, 62, 70, 102, 112, 114, 116, 118, 146, 148, 155, 953, 960, 982, 1012,
7, 24, 29, 43, 46, 59, 62, 70, 102, 112, 114, 116, 118, 146, 148, 155, 953, 960, 982, 1012,
7, 24, 29, 43, 46, 59, 62, 70, 102, 112, 114, 116, 118, 146, 148, 155, 953, 960, 982, 1012,
7, 24, 29, 43, 46, 59, 62, 70, 102, 112, 114, 116, 118, 146, 148, 155, 953, 960, 982, 1012,
7, 24, 29, 43, 46, 59, 62, 70, 102, 112, 114, 116, 118, 146, 148, 155, 953, 960, 982, 1012,
7, 24, 29, 43, 46, 59, 62, 70, 102, 112, 114, 116, 118, 146, 148, 155, 953, 960, 982, 1012,
7, 24, 29, 43, 46, 59, 62, 70, 102, 112, 114, 116, 118, 146, 148, 155, 953, 960, 982, 1012,
7, 24, 29, 43, 46, 59, 62, 70, 102, 112, 114, 116, 118, 146, 148, 155, 953, 960, 982, 1012,
7, 24, 29, 43, 46, 59, 62, 70, 102, 112, 114, 116, 118, 146, 148, 155, 953, 960, 982, 1012,
7, 24, 29, 43, 46, 59, 62, 70, 102, 112, 114, 116, 118, 146, 148, 155, 953, 960, 982, 1012,
7, 24, 29, 43, 46, 59, 62, 70, 102, 112, 114, 116, 118, 146, 148, 155, 953, 960, 982, 1012,
7, 24, 29, 43, 46, 59, 62, 70, 102, 112, 114, 116, 118, 146, 148, 155, 953, 960, 982, 1012,
7, 24, 29, 43, 46, 59, 62, 70, 102, 112, 114, 116, 118, 146, 148, 155, 953, 960, 982, 1012,
7, 24, 29, 43, 46, 59, 62, 70, 102, 112, 114, 116, 118, 146, 148, 155, 953, 960, 982, 1012,
7, 24, 29, 43, 46, 59, 62, 70, 102, 112, 114, 116, 118, 146, 148, 155, 953, 960, 982, 1012,
7, 24, 29, 43, 46, 59, 62, 70, 102, 112, 114, 116, 118, 146, 148, 155, 953, 960, 982, 1012,
7, 24, 29, 43, 46, 59, 62, 70, 102, 112, 114, 116, 118, 146, 148, 155, 953, 960, 982, 1012,
7, 24, 29, 43, 46, 59, 62, 70, 102, 112, 114, 116, 118, 146, 148, 155, 953, 960, 982, 1012,
7, 24, 29, 43, 46, 59, 62, 70, 102, 112, 114, 116, 118, 146, 148, 155, 953, 960, 982, 1012,
7, 24, 29, 43, 46, 59, 62, 70, 102, 112, 114, 116, 118, 146, 148, 155, 953, 960, 982, 1012,
7, 24, 29, 43, 46, 59, 62, 70, 102, 112, 114, 116, 118, 146, 148, 155, 953, 960, 982, 1012,
7, 24, 29, 43, 46, 59, 62, 70, 102, 112, 114, 116, 118, 146, 148, 155, 953, 960, 982, 1012,
7, 24, 29, 43, 46, 59, 62, 70, 102, 112, 114, 116, 118, 146, 148, 155, 953, 960, 982, 1012,
7, 24, 29, 43, 46, 59, 62, 70, 102, 112, 114, 116, 118, 146, 148, 155, 953, 960, 982, 1012,
7, 24, 29, 43, 46, 59, 62, 70, 102, 112, 114, 116, 118, 146, 148, 155, 953, 960, 982, 1012,
7, 24, 29, 43, 46, 59, 62, 70, 102, 112, 114, 116, 118, 146, 148, 155, 953, 960, 982, 1012,
7, 24, 29, 43, 46, 59, 62, 70, 102, 112, 114, 116, 118, 146, 148, 155, 953, 960, 982, 1012,
7, 24, 29, 43, 46, 59, 62, 70, 102, 112, 114, 116, 118, 146, 148, 155, 953, 960, 982, 1012,
7, 24, 29, 43, 46, 59, 62, 70, 102, 112, 114, 116, 118, 146, 148, 155, 953, 960, 982, 1012,
7, 24, 29, 43, 46, 59, 62, 70, 102, 112, 114, 116, 118, 146, 148, 155, 953, 960, 982, 1012,
7, 24, 29, 43, 46, 59, 62, 70, 102, 112, 114, 116, 118, 146, 148, 155, 953, 960, 982, 1012,
7, 24, 29, 43, 46, 59, 62, 70, 102, 112, 114, 116, 118, 146, 148, 155, 953, 960, 982, 1012,
7, 24, 29, 43, 46, 59, 62, 70, 102, 112, 114, 116, 118, 146, 148, 155, 953, 960, 982, 1012,
7, 24, 29, 43, 46, 59, 62, 70, 102, 112, 114, 116, 118, 146, 148, 155, 953, 960, 982, 1012,
7, 24, 29, 43, 46, 59, 62, 70, 102, 112, 114, 116, 118, 146, 148, 155, 953, 960, 982, 1012,
7, 24, 29, 43, 46, 59, 62, 70, 102, 112, 114, 116, 118, 146, 148, 155, 953, 960, 982, 1012,
7, 24, 29, 43, 46, 59, 62, 70, 102, 112, 114, 116, 118, 146, 148, 155, 953, 960, 982, 1012,
7, 24, 29, 43, 46, 59, 62, 70, 102, 112, 114, 116, 118, 146, 148, 155, 953, 960, 982, 1012,
7, 24, 29, 43, 46, 59, 62, 70, 102, 112, 114, 116, 118, 146, 148, 155, 953, 960, 982, 1012,
7, 24, 29, 43, 46, 59, 62, 70, 102, 112, 114, 116, 118, 146, 148, 155, 953, 960, 982, 1012,
7, 24, 29, 43, 46, 59, 62, 70, 102, 112, 114, 116, 118, 146, 148, 155, 953, 960, 982, 1012,
7, 24, 29, 43, 46, 59, 62, 70, 102, 112, 114, 116, 118, 146, 148, 155, 953, 960, 982, 1012,
7, 24, 29, 43, 46, 59, 62, 70, 102, 112, 114, 116, 118, 146, 148, 155, 953, 960, 982, 1012,
7, 24, 29, 43, 46, 59, 62, 70, 102, 112, 114, 116, 118, 146, 148, 155, 953, 960, 982, 1012,
7, 24, 29, 43, 46, 59, 62, 70, 102, 112, 114, 116, 118, 146, 148, 155, 953, 960, 982, 1012,
7, 24, 29, 43, 46, 59, 62, 70, 102, 112, 114, 116, 118, 146, 148, 155, 953, 960, 982, 1012,
7, 24, 29, 43, 46, 59, 62, 70, 102, 112, 114, 116, 118, 146, 148, 155, 953, 960, 982, 1012,
7, 24, 29, 43, 46, 59, 62, 70, 102, 112, 114, 116, 118, 146, 148, 155, 953, 960, 982, 1012,
7, 24, 29, 43, 46, 59, 62, 70, 102, 112, 114, 116, 118, 146, 148, 155, 953, 960, 982, 1012,
7, 24, 29, 43, 46, 59, 62, 70, 102, 112, 114, 116, 118, 146, 148, 155, 953, 960, 982, 1012,
7, 24, 29, 43, 46, 59, 62, 70, 102, 112, 114, 116, 118, 146, 148, 155, 953, 960, 982, 1012,
7, 24, 29, 43, 46, 59, 62, 70, 102, 112, 114, 116, 118, 146, 148, 155, 953, 960, 982, 1012,